õlled <- pant (10.8374, 72.7273)
pooltooted <- Külmutatud (10.3448, 95.2381)
Külmutatud <- pooltooted (13.7931, 71.4286)
0.5 <- pant (10.8374, 81.8182)
valmistoidud <- Pakendatud (10.8374, 100)
Pakendatud <- valmistoidud (11.8227, 91.6667)
Pant <- Karastusjoogid (13.3005, 88.8889)
1.0 <- Pant (21.1823, 74.4186)
Pant <- 1.0 (20.6897, 76.1905)
